1402977920
1642512402
1663072851
1867571077
2803301701
2280198017
3037284894
3515639462
1699432410
3840768703
1726918143
2606218210
2821669511
2087169013
3604378011
1974576991
1644114654
2656274875
5044281310
2028810631
1642088277
1496814565
1639498782
1191965271
1644489953
1643971635
1700315953
1895431523
1914880192
1681029540
1623340585
3901624042
3201725574
1708763410
3120845115
3365993480
1991123083
2175686497
3288875501
2827102952
2618638282
1887790981
3204782330
3204836204
5384625531
5592771266
1893892941
3546332963
1912386535
2308711425
3675657612
6897939130
3198471403
2093606665
3242792887
1911484643
3057540037
1989660417
5234310551
1887344341
5884573948